1|C.Roark|46|9827|66|148.89
1|J.Rog|20|13301|75|177.34
1|B.Verner|18|10460|58|180.34
1|D.Lawrenz|27|12080|71|170.14
1|E.Frankowiak|23|13452|77|174.70
2|J.Audy|21|4169|24|173.70
2|P.Kincaid|17|16314|90|181.26
2|T.Lesak|15|15392|84|183.23
2|T.Mosillo|16|12597|69|182.56
2|R.Pope|15|15410|84|183.45
3|J.Otto|22|12664|72|175.88
3|D.Daberkow|27|14309|84|170.34
3|R.Wokas|14|13674|74|184.78
3|K.Hahne|37|11725|74|158.44
3|K.Phipps|4|14051|72|195.15
4|R.Sundararaman|46|12994|87|149.35
4|R.Kreis|43|13681|90|152.01
4|P.Coogan|34|15562|96|162.10
4|W.Beach|9|16595|87|190.74
4|R.Javorek|36|14796|84|176.14
5|T.Bermann|7|15590|81|192.46
5|J.Glomski|9|14223|75|189.64
5|W.Hentrich|18|12890|72|179.02
5|L.Stoch|28|13631|81|168.28
5|R.Pinc|2|17737|90|197.07
6|R.Mertens|17|13049|72|181.23
6|S.Perna|17|13055|72|181.31
6|K.Totosz|18|12980|72|180.27
6|W.Zhe|13|10036|54|185.85
6|P.Simek|9|14193|75|189.24
7|R.Eberle|11|15780|84|187.85
7|W.Kalbow|36|12381|77|160.79
7|D.Marsteller|12|13406|72|186.19
7|R.O'Neill|39|12672|81|156.44
7|R.Bunza|16|15361|84|182.86
8|R.Banaszek|32|9892|60|164.86
8|W.Vantine|42|9185|60|153.08
8|G.Lump|47|11045|75|147.26
8|A.Suvada|27|10178|60|169.63
8|D.Yonan|63|9731|75|129.74
9|J.Hickey|22|16824|96|175.25
9|T.Miller|26|10789|63|171.25
9|L.Pottebaum|58|7749|57|135.94
9|M.Malnik|38|7539|48|157.06
9|G.Daly|2|18877|96|196.63
10|W.Habel|26|13355|78|171.21
10|G.Kuczero|33|12299|75|163.98
10|K.Riker|54|10872|78|139.38
10|R.Stantejsky|35|13579|84|161.65
10|S.Stankos|32|13142|80|164.27
11|A.Golnik|18|13013|72|180.73
11|K.McMahel|62| 9864|75|131.52
11|R.Libman|39|11745|75|156.60
11|D.Wagner|33|13257|81|163.66
11|B.Parker|41|12546|81|154.88
12|L.Brinker|13|9485|51|185.98
12|B.Phillimore|29|9547|57|167.49
12|P.Stephan|32|15335|93|164.89
12|R.Zubko|28|14630|87|168.16
12|L.Engel|18|12431|69|180.15
